2
120
918
195
935
1409
24
280
67
879
45
123
27
229
60
46
408
22
134
0
669
810
348
2496
115
115
4429
208
0
534
1160
3193
432
1128
4829
3203
3125
2598
616
43
4
5927
459
20
312
1247
4
2021
5102
72
72
339
1170
526
798
1080
1073
273
38
6127
167
1299
85
181
1782
3560
82
1578
379
5702
889
2212
266
1332
257
257
564
489
840
56
2142
1335
204
469
56
3381
105
6140
2561
531
127
4
102
209
119
271
2914
919
1189
743
743
19
190
127
2845
378
434
45
3380
290
255
5
4552
3589
102
502
14050
6263
3196
4053
757
354
707
2006
128
128
22
3681
4632
10006
49
334
179
9885
11
53
123
1168
440
47
50
1680
209
1018
3462
2528
39
867
1141
10
10
80
202
2456
579
522
483
47
50
1800
627
1279
2300
251
69
790
54
3668
13
3657
167
2
604
1903
689
689
989
2486
2658
3
348
92
35
82
305
429
200
79
136
175
3053
391
8
60
1446
3197
769
2
8347
80
80
13
1470
3036
462
251
4047
2944
38
860
1819
82
131
4
56
2882
525
3322
41
3973
1151
3981
121
101
1538
1538
1340
30
3432
1982
2131
731
6160
444
7
22
135
709
27
50
290
287
1142
457
7
2044
157
373
1257
91
91
21
276
29
24
10
1097
4
13
290
15
41
2
4
9
2926
272
19
134
6
3104
1
18
42
20
20
124
20
16
75
2
76
14
41
189
8
65
2
43
17
29
5
6
25
6
44
12
0
294
338
338
28
152
33
9
5
5
966
823
2
28
952
17
6
21
70
33
14
1
16
2
32
23
7
2515
2515
71
211
7
4198
23
0
51
72
126
17
34
222
22
1
5
10
848
27
69
7
116
4
0
3
3
6
5
3
11
96
48
10
3
51
336
2
1
787
23
7
1
12
38
22
0
4
3
8
7
7
888
1476
15
67
231
3
6
33
39
48
9
6
8
0
14
6
11
67
0
3
8
3
7
1
1
4
643
5
1
255
3
1
17
31
92
14
272
6
26
13
18
8
14
13
11
4
20
50
5
5
9
3
14
17
3
15
4
578
1
4
0
9
8
8
4
9
10
5
10
6
1
8
1
10
10
9
9
7
14
39
9
4
6
11
8
4
3
0
4
6
10
39
4
0
7
25
36
2
1
1
171
27
13
17
18
9
2
11
6
10
3
1046
3
1018
8
8
1
351
2
8
19
3
11
7
