335
2944
2660
8210
10986
8911
945
26192
7717
7855
24627
246028
73610
26201
91979
9899
21416
3844
63953
3997
14715
4223
14253
4282
5036
5036
25494
2701
17429
2589
53455
22667
12049
119586
9150
219207
29962
5114
38316
34262
40417
33956
67136
168265
179791
213748
42591
158766
7073
3188
5036
25494
2701
17429
2589
53455
22667
12049
119586
9150
219207
29962
5114
38316
34262
40417
33956
67136
168265
179791
213748
42591
158766
7073
3188
5036
25494
2701
17429
2589
53455
22667
12049
119586
9150
219207
29962
5114
38316
34262
40417
33956
67136
168265
179791
213748
42591
158766
7073
3188
5036
25494
2701
17429
2589
53455
22667
12049
119586
9150
219207
29962
5114
38316
34262
40417
33956
67136
168265
179791
213748
42591
158766
7073
3188
5036
25494
2701
17429
2589
53455
22667
12049
119586
9150
219207
29962
5114
38316
34262
40417
33956
67136
168265
179791
213748
42591
158766
7073
3188
5036
25494
2701
17429
2589
53455
22667
12049
119586
9150
219207
29962
5114
38316
34262
40417
33956
67136
168265
179791
213748
42591
158766
7073
3188
5036
25494
2701
17429
2589
53455
22667
12049
119586
9150
219207
29962
5114
38316
34262
40417
33956
67136
168265
179791
213748
42591
158766
7073
3188
5036
25494
2701
17430
2589
53455
22667
12049
119586
9150
219207
29962
5114
38316
34262
40417
33956
67136
168265
179791
213748
42591
158766
7073
3188
5036
25494
2701
17430
2589
53456
22667
12049
119586
9150
219207
29962
5114
38316
34262
40417
33956
67136
168265
179791
213749
42591
158766
7073
3188
5036
25494
2701
17430
2589
53456
22667
12049
119586
9150
219207
29962
5114
38316
34262
40417
33956
67136
168265
179791
213749
42591
158766
7073
3188
5036
25494
2701
17430
2589
53456
22667
12049
119586
9150
219207
29962
5114
38316
34262
40417
33956
67136
168265
179791
213749
42591
158766
7073
3188
5036
25494
2701
17430
2589
53456
22667
12049
119586
9150
219207
29962
5114
38316
34262
40417
33956
67136
168265
179791
213749
42591
158766
7073
3188
5036
25494
2701
17430
2589
53456
22667
12049
119586
9150
219207
29962
5114
38316
34262
40417
33956
67136
168265
179791
213749
42591
158766
7073
3188
5036
25494
2701
17430
2589
53456
22667
12049
119586
9150
219207
29962
5114
38316
34262
40417
33956
67136
168265
179791
213749
42591
158766
7073
3188
5036
25494
2701
17430
2589
53456
22667
12049
119586
9150
219207
29962
5114
38316
34262
40417
33956
67136
168265
179791
213749
42591
158766
7073
3188
5036
25494
2701
17430
2589
53456
22667
12049
119586
9150
219207
29962
5114
38316
34262
40417
33956
67136
168265
179791
213749
42591
158766
7073
3188
5036
25494
2701
17430
2589
53456
22667
12049
119586
9150
219207
29962
5114
38316
34262
40417
33956
67136
168266
179791
213749
42592
158767
7073
3188
5036
25494
2701
17430
2589
53456
22667
12049
119586
9150
219207
29962
5114
38316
34262
40417
33956
67136
168266
179791
213749
42592
158767
7073
3188
5036
25494
2701
17430
2589
53456
22667
12049
119586
9150
219207
29962
5114
38316
34262
40417
33956
67136
168266
179791
213749
42592
158767
7073
3188
