07
04
02
13
09
07
04
02
13
09
07
04
02
13
09
07
04
02
13
11
09
07
04
02
13
13
09
07
04
02
13
09
07
04
02
13
09
07
04
02
14
13
09
07
04
02
14
13
09
07
07
04
02
13
09
07
02
13
09
07
04
02
13
09
07
04
02
13
09
07
02
13
09
07
04
04
02
13
09
07
04
02
13
09
07
04
02
13
09
07
04
03
02
13
09
07
04
02
14
13
13
09
07
04
02
13
09
07
04
03
02
13
12
09
07
07
04
02
13
09
07
04
02
13
09
09
07
04
02
13
09
07
04
02
13
09
07
04
02
14
12
10
09
07
04
01
09
07
04
14
14
13
09
07
04
02
13
09
08
07
04
02
13
09
07
04
02
13
09
07
04
03
02
13
09
09
07
04
02
15
14
09
08
07
02
13
09
07
04
01
14
12
09
09
07
04
01
13
13
09
09
07
04
02
13
09
07
04
02
13
07
04
02
13
12
09
07
04
02
14
12
09
08
07
04
04
02
14
13
09
04
14
12
09
08
07
04
01
14
12
09
07
15
14
09
07
04
14
13
09
09
07
07
04
14
13
12
10
09
08
07
04
02
14
13
12
10
09
08
07
04
02
02
14
13
13
12
09
07
04
02
14
13
12
10
07
04
02
14
13
12
10
09
07
04
02
14
13
12
10
10
09
07
04
02
14
13
12
10
09
06
04
01
14
13
12
10
09
07
04
03
02
14
13
12
12
10
09
07
04
02
14
13
12
10
09
07
04
01
14
14
12
10
09
08
07
04
02
14
14
14
13
10
09
07
04
02
14
13
12
10
09
07
04
02
14
13
12
10
09
07
04
02
14
13
13
12
10
09
07
04
02
14
13
12
10
09
07
04
02
14
13
12
10
09
07
04
02
14
13
13
12
10
09
07
04
02
14
13
12
10
09
08
07
04
02
14
13
12
10
09
08
07
04
02
02
14
13
12
10
09
08
07
04
02
14
13
12
10
09
08
07
04
02
15
14
13
12
10
09
09
08
07
04
02
14
13
12
10
09
08
07
04
02
14
13
12
10
09
07
04
02
14
13
12
12
10
09
08
07
04
02
14
12
12
10
09
08
07
04
02
14
13
12
10
09
08
07
04
02
