11
7
62
610
259
191
19
1484
297
105
3576
14621
1394
6116
4416
67
1009
118
4044
133
1065
149
4493
283
231
231
718
194
478
17
1798
1576
689
9218
89
8194
592
11
2465
3122
2893
836
3856
32961
9959
8391
6921
3065
93
14
14
9759
3433
292
2068
3055
25
2764
16466
248
1720
3944
1464
3978
2870
1235
496
103
9187
595
3163
249
763
8636
21516
21516
236
1015
1407
19253
2420
31344
1300
1437
873
1903
2602
1336
164
1942
7841
1271
2062
204
31646
572
7795
8044
1305
792
792
35
175
499
499
483
6835
3234
1569
1494
92
505
211
5323
1360
1087
117
7917
1753
1024
21
9052
1222
612
1935
1935
28540
21858
3765
13390
2314
1885
4550
11168
489
60
6987
12595
46147
127
672
554
36486
50
135
506
4603
825
156
191
191
9684
901
1849
9976
5642
347
1147
2720
20
141
605
2860
1743
854
5918
266
98
5673
1440
3648
6714
865
241
1967
1967
346
8722
50
4197
1277
48
1285
6060
966
1054
15601
9197
23
3276
315
332
398
3151
3049
1885
305
535
445
10168
10168
1638
43
92
4462
7648
974
12
8627
237
63
7239
7734
3604
361
10662
8631
145
15686
2945
354
1369
42
100
1868
1868
2891
15326
153
19797
2157
12843
717
162
7953
1649
362
13376
3949
10080
2087
18155
934
35
144
816
5313
161
375
795
795
1491
2009
2046
20
7136
714
1106
263
441
71
372
121
166
70
6268
19
157
1396
79
246
7
48
99
8063
8063
1632
40
791
75
12795
18
110
384
44
636
160
122
1440
24
144
113
154
571
45
163
32
158
101
152
152
28
33
224
26
554
101
362
748
1393
394
1160
105
50
85
76
1122
801
17
649
1043
201
105
107
313
313
120
117
29
69
15
457
360
62
9770
147
1252
277
12302
204
30
339
161
480
69
305
716
174
16
51
51
41
2557
95
454
37
92
54
16
17
89
24
46
81
58
412
54
8
203
1696
26
15
6841
234
59
59
10
36
73
297
11
17
25
152
74
6780
2736
124
479
1148
31
98
98
149
193
66
10
38
45
141
141
102
29
324
33
62
33
38
55
36
39
7521
15
18
1273
42
5
86
196
447
93
1214
19
94
98
98
99
100
19
31
51
20
155
303
20
33
7
33
29
16
25
60
3576
20
10
1
17
16
118
2
2
46
12
5
71
29
7
17
20
71
28
81
95
131
107
49
19
40
79
37
42
27
9
150
24
24
72
521
65
26
27
128
247
54
18
553
63
48
123
65
260
21
289
20
46
40
1519
11
6959
110
